178.9515  -35.3908
178.4024  -36.1035
177.8532  -36.8162
177.3947  -37.5856
177.3042  -37.6599
177.2497  -37.7080
177.1949  -37.7408
177.0544  -37.9292
177.0022  -37.9381
176.9659  -37.9382
176.9452  -37.9496
176.8762  -37.9650
176.8530  -38.0159
176.8366  -38.0309
176.7950  -38.0433
176.7681  -38.1488
176.7237  -38.2837
176.6372  -38.4890
176.5290  -38.6949
176.2435  -39.0692
176.0666  -39.2909
175.9263  -39.4762
175.8948  -39.5716
175.4633  -39.6841
175.0679  -39.5945
175.0253  -39.5847
174.9876  -39.5760
175.4768  -38.7967
175.4774  -38.7951
175.5621  -38.6827
175.6489  -38.5673
175.9779  -38.1254
176.0372  -37.8956
176.0542  -37.5932
176.0849  -37.2898
176.1841  -36.9534
176.2518  -36.8696
176.4282  -36.5916
176.5924  -36.3598
176.7999  -36.0798
177.6296  -34.9596
178.9515  -35.3908