-125.70 43.50
-125.70 43.40
-125.70 43.30
-125.70 43.20
-125.70 43.10
-125.70 43.00
-125.70 43.00
-125.70 42.90
-125.70 42.80
-125.70 42.70
-125.70 42.60
-125.70 42.50
-125.70 42.50
-125.70 42.40
-125.80 42.40
-125.80 42.30
-125.80 42.20
-125.80 42.10
-125.80 42.00
-125.80 42.00
-125.80 41.90
-125.80 41.80
-125.80 41.70
-125.80 41.60
-125.80 41.50
-125.80 41.50
-125.80 41.40
-125.80 41.30
-125.80 41.20
-125.80 41.10
-125.90 41.10
-125.90 41.00
-125.90 41.00
-125.90 40.90
-125.90 40.80
-125.90 40.70
-125.90 40.60
-125.90 40.50
-125.90 40.50
-125.90 40.40
-125.90 40.30
-125.90 40.20
-125.90 40.10
-125.90 40.00
-125.90 40.00
-125.90 39.90
-125.80 39.90
-125.80 39.80
-125.70 39.80
-125.70 39.70
-125.70 39.60
-125.60 39.60
-125.60 39.50
-125.50 39.50
-125.50 39.40
-125.50 39.30
-125.40 39.30
-125.40 39.20
-125.40 39.10
-125.30 39.10
-125.30 39.00
-125.20 39.00
-125.20 38.90
-125.20 38.80
-125.10 38.80
-125.10 38.70
-125.00 38.70
-125.00 38.60
-125.00 38.50
-124.90 38.50
-124.90 38.40
-124.80 38.40
-124.80 38.30
-124.80 38.20
-124.70 38.20
-124.70 38.10
-124.70 38.00
-124.60 38.00
-124.60 37.90
-124.50 37.90
-124.50 37.80
-124.50 37.70
-124.40 37.70
-124.40 37.60
-124.30 37.60
-124.30 37.50
-124.30 37.50
-124.30 37.40
-124.20 37.40
-124.20 37.30
-124.10 37.30
-124.10 37.20
-124.10 37.10
-124.00 37.10
-124.00 37.00
-123.90 37.00
-123.90 36.90
-123.90 36.80
-123.80 36.80
-123.80 36.70
-123.70 36.70
-123.70 36.60
-123.70 36.50
-123.60 36.50
-123.60 36.40
-123.50 36.40
-123.50 36.30
-123.50 36.20
-123.40 36.20
-123.40 36.10
-123.30 36.10
-123.30 36.00
-123.30 36.00
-123.30 35.90
-123.20 35.90
-123.20 35.80
-123.20 35.70
-123.10 35.70
-123.10 35.60
-123.00 35.60
-123.00 35.50
-123.00 35.50
-123.00 35.40
-122.90 35.40
-122.90 35.30
-122.80 35.30
-122.80 35.20
-122.80 35.10
-122.70 35.10
-122.70 35.00
-122.60 35.00
-122.60 34.90
-122.60 34.80
-122.50 34.80
-122.50 34.70
-122.40 34.70
-122.40 34.60
-122.40 34.50
-122.30 34.50
-122.30 34.40
-122.20 34.40
-122.20 34.30
-122.20 34.20
-122.10 34.20
-122.10 34.10
-122.00 34.10
-122.00 34.00
-122.00 34.00
-122.00 33.90
-121.90 33.90
-121.90 33.80
-121.80 33.80
-121.80 33.70
-121.70 33.70
-121.70 33.60
-121.60 33.60
-121.60 33.50
-121.50 33.50
-121.50 33.40
-121.40 33.40
-121.40 33.30
-121.20 33.30
-121.20 33.20
-120.90 33.20
-120.90 33.10
-120.60 33.10
-120.60 33.00
-120.30 33.00
-120.30 32.90
-120.10 32.90
-120.10 32.80
-119.80 32.80
-119.80 32.70
-119.50 32.70
-119.50 32.60
-119.20 32.60
-119.20 32.50
-118.90 32.50
-118.90 32.40
-118.80 32.40
-118.80 32.30
-118.70 32.30
-118.70 32.20
-118.70 32.10
-118.60 32.10
-118.60 32.00
-118.60 32.00
-118.60 31.90
-118.50 31.90
-118.50 31.80
-118.40 31.80
-118.40 31.70
-118.40 31.60
-118.30 31.60
-118.30 31.50
-118.20 31.50
-118.20 31.40
-118.00 31.40
-118.00 31.30
-117.70 31.30
-117.70 31.20
-117.50 31.20
-117.50 31.10
-117.30 31.10
-117.30 31.00
-116.40 31.00
-116.40 31.10
-115.20 31.10
-115.20 31.20
-114.40 31.20
-114.40 31.30
-114.20 31.30
-114.20 31.40
-114.00 31.40
-114.00 31.50
-113.70 31.50
-113.70 31.60
-113.50 31.60
-113.50 31.70
-113.30 31.70
-113.30 31.80
-113.20 31.80
-113.20 31.90
-113.20 31.90
-113.20 32.00
-113.20 32.00
-113.20 32.10
-113.20 32.10
-113.20 32.20
-113.20 32.30
-113.10 32.30
-113.10 32.40
-113.10 32.50
-113.10 32.50
-113.10 32.60
-113.10 32.70
-113.10 32.80
-113.10 32.90
-113.00 32.90
-113.00 33.00
-113.00 33.00
-113.00 33.10
-113.00 33.20
-112.90 33.20
-112.90 33.30
-112.90 33.40
-112.90 33.50
-112.80 33.50
-112.80 33.60
-112.80 33.70
-112.80 33.80
-112.70 33.80
-112.70 33.90
-112.70 34.00
-112.70 34.00
-112.70 34.10
-112.60 34.10
-112.60 34.20
-112.60 34.30
-112.60 34.40
-112.60 34.50
-112.60 34.50
-112.60 34.60
-112.60 34.70
-112.70 34.70
-112.70 34.80
-112.80 34.80
-112.80 34.90
-112.80 35.00
-112.90 35.00
-112.90 35.10
-113.00 35.10
-113.00 35.20
-113.00 35.30
-113.10 35.30
-113.10 35.40
-113.20 35.40
-113.20 35.50
-113.20 35.50
-113.20 35.60
-113.30 35.60
-113.30 35.70
-113.40 35.70
-113.40 35.80
-113.40 35.90
-113.50 35.90
-113.50 36.00
-113.60 36.00
-113.60 36.10
-113.70 36.10
-113.70 36.20
-113.80 36.20
-113.80 36.30
-113.90 36.30
-113.90 36.40
-114.10 36.40
-114.10 36.50
-114.20 36.50
-114.20 36.60
-114.30 36.60
-114.30 36.70
-114.50 36.70
-114.50 36.80
-114.60 36.80
-114.60 36.90
-114.80 36.90
-114.80 37.00
-114.90 37.00
-114.90 37.10
-115.00 37.10
-115.00 37.20
-115.20 37.20
-115.20 37.30
-115.30 37.30
-115.30 37.40
-115.40 37.40
-115.40 37.50
-115.60 37.50
-115.60 37.60
-115.70 37.60
-115.70 37.70
-115.80 37.70
-115.80 37.80
-116.00 37.80
-116.00 37.90
-116.10 37.90
-116.10 38.00
-116.30 38.00
-116.30 38.10
-116.40 38.10
-116.40 38.20
-116.50 38.20
-116.50 38.30
-116.70 38.30
-116.70 38.40
-116.80 38.40
-116.80 38.50
-116.90 38.50
-116.90 38.60
-117.10 38.60
-117.10 38.70
-117.20 38.70
-117.20 38.80
-117.30 38.80
-117.30 38.90
-117.50 38.90
-117.50 39.00
-117.60 39.00
-117.60 39.10
-117.80 39.10
-117.80 39.20
-117.90 39.20
-117.90 39.30
-118.00 39.30
-118.00 39.40
-118.20 39.40
-118.20 39.50
-118.30 39.50
-118.30 39.60
-118.40 39.60
-118.40 39.70
-118.50 39.70
-118.50 39.80
-118.50 39.90
-118.50 40.00
-118.50 40.00
-118.50 40.10
-118.50 40.20
-118.50 40.30
-118.50 40.40
-118.50 40.50
-118.50 40.50
-118.50 40.60
-118.50 40.70
-118.50 40.80
-118.50 40.90
-118.50 41.00
-118.50 41.00
-118.50 41.10
-118.50 41.20
-118.50 41.30
-118.50 41.40
-118.50 41.50
-118.50 41.50
-118.50 41.60
-118.50 41.70
-118.50 41.80
-118.50 41.90
-118.50 42.00
-118.50 42.00
-118.50 42.10
-118.50 42.20
-118.50 42.30
-118.50 42.40
-118.50 42.50
-118.50 42.50
-118.50 42.60
-118.50 42.70
-118.50 42.80
-118.50 42.90
-118.50 43.00
-118.50 43.00
-118.50 43.10
-118.50 43.20
-118.50 43.30
-118.50 43.40
-118.50 43.50
-125.70 43.50
